0 1 0 0 233333
323141381196798033512190262227161667 775010084514487531788273912037060561 1 1 233333
694702682447659704804616765804589165 266381635219428944211187754749044987 2 2 233333
501738776487315110601282889060297812 286654959402453920162186720804335020 3 3 233333
42447675197302480206271967714517895 294072940040705437979764453729494908 4 4 233333
455461220974184779892459459390316762 594421864664637126699092586408886892 5 5 233333
114467162945191499162058472926544191 326263166128753096311743076347096979 6 6 233333
624832903215336328010148659251728598 187680476984738210559283237519112095 7 7 233333
107603783772789292203265021773473640 320734391782073444303514046983788092 8 8 233333
189710547876361964192300770487223217 524285851059471436849302256321410333 9 9 233333
323004543780113831290998622389189944 653415546838645327190758733669533786 10 10 233333
349170980462304063766137820051194925 455663506834012561311667156287538999 11 11 233333
719968758003167440348243193651103365 811611833836694679051198666749812187 12 12 233333
381712480344679703678307761659072375 185440961534022286338515457142547378 13 13 233333
297984024484205123265903448920340383 688270597465325884942948016431336439 14 14 233333
848046722412480382419284906849039581 441592288212331013812594607525945507 15 15 233333
302049770721667712974641307181862260 312329025893043697963315211936968222 16 16 233333
556329708007857997026122774673943430 581038715962350038499975650797344782 17 17 233333
117778544337897739823580495964704565 881948896262778088951718307327093645 18 18 233333
476788416122847678214432971460048677 32870697873664359295872338911375799 19 19 233333
777823267012739972669301604936342501 411572633692251969571115059787827663 20 20 233333
281720628109674587646488142295808812 206576007346174945307743819682716182 21 21 233333
414674566203375133551855095630777600 456809845426743362511477590484544696 22 22 233333
463967184578826676461702812734943589 409678628417374801902678113744634763 23 23 233333
318057409044599047194663518897512795 166550318413128396270191334343629855 24 24 233333
66806659189587356930938961916834654 837571540041803788020034620047625648 25 25 233333
726279584063050149557614805842087409 760077880018320511918860957536671507 26 26 233333
352825415920757920522375002664864848 164633887144617254276404539092200348 27 27 233333
243924144435650008280003436010876152 25272940940440940765742184722414348 28 28 233333
638340998937679785945375512402809364 193212530290236591985434595111157189 29 29 233333
6842087644008968347367356310870401 468997421383619206423774639951283515 30 30 233333
538847218470035872581600557216754899 208967182224231446526103865535288333 31 31 233333
516891496290190172215482226280412300 181129422331489340761159781602682161 32 32 233333
380840531040959048785467915640584943 259551906545126145012420051273060596 33 33 233333
723706613754894151296013015366648360 680584187876576903762369698633740904 34 34 233333
821716183032760562523001047418887226 67088510637691063097954194582818116 35 35 233333
424138166970098015137182762163299246 629027829782709598244595891734172759 36 36 233333
261609324983206876983368840869980197 359848994839718273680110887350499803 37 37 233333
111778002516365435259095968363251391 530983449401287029304303321867125705 38 38 233333
380307419161352297313285095867622286 543673895466616283368539357105577447 39 39 233333
305508624182090328597815783615175879 765949424561273415059760124180720808 40 40 233333
540870774920260990883546768394318882 714846403742876759909663637831711627 41 41 233333
175396909103795501199781372135052023 7826671726645018555248966154440851 42 42 233333
270565930927914897537139401024535437 204887717286616293035906094029677725 43 43 233333
163571007248390383389428686193896219 435642531063035004133171190704993974 44 44 233333
198029767492667237242926595524952863 812289423960872627696741480456913013 45 45 233333
193183761062230122401721302550072345 392093249749618334151927511269983771 46 46 233333
304275471356146269617893173999678972 612457112837801919176694485734551914 47 47 233333
864076186111451146392896504817635520 106771878760345103788367066301998434 48 48 233333
151598680503892054484239303054952155 265770591623663902070403376830229105 49 49 233333
29295359724819785803624027055741265 563489931258285279176816716849788019 50 50 233333
305083619318808929903065568822398465 866416812765318239863625704543601168 51 51 233333
592383173567553279083629549653998502 365083850405989475509134544427740550 52 52 233333
116050071273428195498837575819028426 267701324398382777932573676455312837 53 53 233333
459239775816372395641288985318023636 91221666570459137761537209154534221 54 54 233333
753245468142658425823730995298899632 432026805963639429146798736489352280 55 55 233333
432804653935145762149168893920757423 356458333563119142630328297901133560 56 56 233333
872332791174731266017696857375071584 793922847468737754754179149630415386 57 57 233333
270200119008678053649046436971161004 165073876395892025560681483711271536 58 58 233333
45653149993670740645425904896824539 724581032294316087139086432775763955 59 59 233333
661610231666189881045035299676024651 739217731767213851012792606984230581 60 60 233333
183918533889869690992077247949083480 85838471295537205714994188757847333 61 61 233333
365155640611724991974687060752331115 631239873665813703168134298176648262 62 62 233333
524002994970612272980921111328925524 723006829948544208458781580249735362 63 63 233333
394305416191405192625870344854774119 741082769537111096730322396973997585 64 64 233333
212798876652851534426860436604815817 540983563345418531826518723857876638 65 65 233333
405472639574346296220952346588924965 869590271521588219405935144940455162 66 66 233333
482626587432674860285208953956719805 369119005489186213184255482466651882 67 67 233333
629110599255541130813490843524854043 398762878993111679961028962338998439 68 68 233333
877875524633075997719840934478736877 196540157811311644006041935271802665 69 69 233333
167521974869946578627769839163700513 158264292839632968523701091286985697 70 70 233333
16190390810932177435450868533096274 410716687923834254584761657032855617 71 71 233333
67099365622830538019398492105558153 858208927407025796574446821196193178 72 72 233333
629899573082514181626418415036407077 812364729839791950000828539139299136 73 73 233333
614795835730323966526500436286957628 688754072026013775238776954517769781 74 74 233333
2558155285663011688304870586006299 56914474516803937985727388430047807 75 75 233333
850433441424819458505014866825127321 513164463155153127816337343074434676 76 76 233333
107720426689624151293333335985126109 465449472980591179981693567595554218 77 77 233333
547143141317028520165651159657674667 128013576377142282786142021323314947 78 78 233333
108247459642261328940010214628187581 470004925044603279592540649136218385 79 79 233333
486478891601081368388542910003979080 264086347873017991657378328139891965 80 80 233333
364557021014495107900258565218058817 571236874029176305484893257108738942 81 81 233333
824287633067795441956973270662597576 810276651733834653947952812694450913 82 82 233333
776765938887819634131593004146151556 888098733599498095408465451699600959 83 83 233333
156034874940609429840822402062288267 364402851700032142661212929576186649 84 84 233333
38176912046389098492788487835355685 704896130211089683472358532638218303 85 85 233333
37484408382084224784852567221918437 606416434763688551929864769155826851 86 86 233333
81482697280182890456892370578284630 870143248334490756571291431124651838 87 87 233333
456723592522639393461107789982922456 635803064926177592499660199543822118 88 88 233333
152987390751239485095671420905769544 551915112770391471122056178829542905 89 89 233333
172703985345414571527101013298485778 734081896555948985091660630231950507 90 90 233333
30510401040469112796796131481403961 121390295778008183647236343303630193 91 91 233333
214099922738340651579565581062525434 491213304614612830158846468253035199 92 92 233333
185527283877759553026245758789822752 212577111644259368838515451805689415 93 93 233333
622678901383602373489931534123448387 604075841039599107371068584628530590 94 94 233333
15062405144429128003159158652810635 711470669062496732575514382231910567 95 95 233333
311113108468719840178562693767093107 380241596528047678919718411178704806 96 96 233333
803132832338508678409494148816647366 518177801928357931809114681891743432 97 97 233333
366385533551738165701003671099971831 428076539536553084345223036842084308 98 98 233333
713268348288773607843019682408402656 272274562398989386851041894023352402 99 99 233333
712836744783929076589039826336805586 591180797092694371186630059142202996 100 100 233333
36528485559298694170365689900620276 137676816566027266224273354700147271 101 101 233333
53209402472777602791439981724238579 339661366318456348586794777079392861 102 102 233333
525203530141967193159152739500368299 701533080149952234937017692908804619 103 103 233333
201422469019390050982159497011901074 608802700746947277861846219570637658 104 104 233333
700508174486524092309721168984308417 717226774595081016958205298974626575 105 105 233333
103492726402484623790159808057418433 554742170151083155364834635691921790 106 106 233333
508020606805814680073429060775443152 336147805713161507377462573520092926 107 107 233333
267903793281387760260497381059271940 836026499009330321316052808520326084 108 108 233333
108827302724255865141651458948884812 585772385392805211126801408586925944 109 109 233333
576683573006139186716414028123430923 676370621023013675123031565261450612 110 110 233333
387984384194671613495175895905217414 350717482297246508003663232122676115 111 111 233333
344376675999542535318257921208249563 503360086142534956251079999130257545 112 112 233333
594714800058480831604276315744023269 149960262676279764343666092083815302 113 113 233333
210698340449474081944018451440188165 808521102821660616564865809752250446 114 114 233333
678992173313577736192782156851003313 190731922362778226554955874161076800 115 115 233333
813293964471904406323009200587724541 507172623772522899864344616125467056 116 116 233333
685776432751989432071437680427632181 831200033642894857313972124513649609 117 117 233333
214272561212352728257342411721324175 554264267702222638483490737833043053 118 118 233333
197206490446735315943072872693472691 354813349884658322591711996522143906 119 119 233333
69314190167947770361220882788863576 482176841380634341088522780080559178 120 120 233333
213944442629856381854658612689476693 245266904605253470592551847640802717 121 121 233333
2892887788227569196633949860111732 282238847604281519155769273143848937 122 122 233333
860670021391337568526162655088072198 558700802223854197741536093342322839 123 123 233333
596170062661734242197040670796206770 752223163383384371250194698538160386 124 124 233333
619384009682052361398660014357790750 665009520515844402915024390500066708 125 125 233333
378189448285274586894787388941889298 336782936706692136221426228954732398 126 126 233333
270269153080199100207853914236503537 54542854706783917156327499660109813 127 127 233333
414301411398136797182821862490501080 487153976818895595835713644821303676 128 128 233333
56299428671528173639267868992911285 143865715367729672963829700554527611 129 129 233333
395883538047405649319142871250552638 587813633258147474577065163201515856 130 130 233333
133338168590622933807777333531616437 306588183965039022436474441562747249 131 131 233333
281881028859397894588599532223749123 8085136690011977860082292783310341 132 132 233333
539654276036683200468581917627801137 402622564937651030903258431503208036 133 133 233333
877952115942011576906104915498103181 870425748425874754555715889056957547 134 134 233333
63317074860707713266225726236097533 207255798411012738062325927460967578 135 135 233333
714086640806311873764210019673597847 567930780990001895246878047959522234 136 136 233333
547197496696830573459714048474333367 80763758963137149177786132324407791 137 137 233333
831189217073824920063437420082630692 427355610326476990353136106761588054 138 138 233333
868855140355299852816237848177713799 208697863987499366176800310946773404 139 139 233333
585918077963738478602859586462839353 350515579875110973922284587832531855 140 140 233333
740421665453776622183226694799590317 613084725891797593837063337559328145 141 141 233333
751360570189197213504565600863396244 553085390301940878500459401315930725 142 142 233333
151792427872880435049686555473817606 91052198776966067803056675713244183 143 143 233333
22348147400032218374812110968144499 765497451920009793473509250205175172 144 144 233333
606603021989801638892984821605076117 199478485809517958407214477743350247 145 145 233333
674603009664697386721362269342116665 4995287918829141671241301442171018 146 146 233333
470744316806280195701838946776618631 430298257715363001694255456608387216 147 147 233333
372503085972441803571459094613443040 796671157650266326711134202806400846 148 148 233333
450423750293039573516658106987954603 664474575776601177146390570330058774 149 149 233333
812771709048926722352626650388954452 168338450816421991129992529139141844 150 150 233333
611923551926985007496087878568254798 145981721597641152872092490817951848 151 151 233333
818914619179588696593705285330471960 527381715085852223534500100261514494 152 152 233333
684961207206453781433470012953220686 486919272636923589497985853506944956 153 153 233333
655820971067882202028555784515523605 318682649144609748136643222473302071 154 154 233333
645046779064714550658489012177855507 363242425008132590527425312381243437 155 155 233333
470662903277434065001859261894939320 715101484337795705752434858367512144 156 156 233333
560749329297575967379253739524693272 313239634466103601918094314787663551 157 157 233333
844970686831848479856186867041132262 64079646440463810557943952021038505 158 158 233333
459612598161876681497149457268382848 95585420610748058805622423587126932 159 159 233333
395881872557487929034956137540704320 524607785189864126537049831908973601 160 160 233333
130840937266975912824573247748391956 178283250665186317533085227792210270 161 161 233333
731952029450823863657961525854426340 137369328427409435543050255802281491 162 162 233333
135539447024541037885949929250435440 210615772029381510649746580994358112 163 163 233333
578511623136335169456690629118015022 142822606935823103146988910889288886 164 164 233333
146490146399734558519858401742106778 635395945654642957388412438195476321 165 165 233333
182226264424222609444295184928060695 271585430006344523001305376684665788 166 166 233333
340251557651556868300279814520050576 36361184902694218144372337071671950 167 167 233333
700657508842898498359308250423010968 706718883534455358990267164748465237 168 168 233333
695343799580990489434693032618236728 305284013686384231766914447204357773 169 169 233333
661036083312480803763161926877229482 48957986026355692387465725603784052 170 170 233333
550104090391643543981159430081679880 793524297960258727472242476324704884 171 171 233333
286970144139079372240160106785028311 482140417141744540440588498194770034 172 172 233333
811579973361638274792552420538136676 452899540965423517706924251306966464 173 173 233333
315566139036340244544453379024512762 545793905635252497551787638402363463 174 174 233333
743095936499229620044819415517420879 634272032506270559231374991855921088 175 175 233333
327581340236969351055062912731806487 426484827121233123450148594289570648 176 176 233333
446931867647455323035186353241651013 643061221711973372943483090229105430 177 177 233333
821651613886721772747018536617441266 432888663230214561215093967803336911 178 178 233333
2589336526965019370735706726149004 450388467928867974013556289846125013 179 179 233333
223440170207864660389666304385114651 612205115196262809151278659009002730 180 180 233333
94032876295878309662106067701786798 851543409104564069002077109492102175 181 181 233333
798120669742658419025581888173135295 171074789436876999615815451828868701 182 182 233333
734644047404107254548138071251478772 588930409126911832401980988296185169 183 183 233333
367136811372631463106386909724115350 67356926027279203960696778739016349 184 184 233333
209151428136964353991556815940312161 740585305756280405001071669304883111 185 185 233333
94655467130150504281642587089858814 391065221312700787676585031079489211 186 186 233333
857251936993930342247580356672069603 394852775492738035437820120466156292 187 187 233333
71034168125998635290549197810835066 401058834732631942193367585314653140 188 188 233333
282308298100340081001588134975398612 38805902919870011883429833203645904 189 189 233333
709405449341838941339584860544187043 349827550687662404530606486737459229 190 190 233333
27953822784899504442594061811050866 169918916680951210252888669057344464 191 191 233333
671338988850131280247779193284058085 173769716934371948284807305663881103 192 192 233333
757862084844142206100368762987477774 239402324151861328977679167106464299 193 193 233333
763557465346296943431824507254158901 459946650022721087812279777533613610 194 194 233333
801233188773205361328961377029603105 182280602783467965572452646504877232 195 195 233333
150116656184106326439232144255788638 797602861188552243750420686335809045 196 196 233333
749984233583907144053033542753938553 546443050086425563300647474997855988 197 197 233333
211293492797635679315892589454598988 666783644918051588059791631659982978 198 198 233333
437985134677693691659231439998656675 316377347433795075525785796188370987 199 199 233333
361148570123278170838869063033541988 57642675150170400319852039699118296 200 200 233333
